0 0 0.0
0 1 0.586393180106
0 2 0.571829321278
0 3 0.651408905786
0 4 0.493997752804
0 5 0.518461837266
0 6 0.475740997802
0 7 0.455645910654
0 8 0.561005694462
0 9 0.34986372615
0 10 0.516287070098
0 11 0.529731077021
0 12 0.538902272112
0 13 0.514665733316
0 14 0.497369244751
0 15 0.582487895563
0 16 0.677613977203
0 17 0.525972759497
0 18 0.715947095713
0 19 0.424860331175
0 20 0.640326037745
0 21 0.479144157329
0 22 0.39969541644
1 0 0.586393180106
1 1 0.0
1 2 0.382497460795
1 3 0.479716252721
1 4 0.146748147502
1 5 0.353175816535
1 6 0.396505034695
1 7 0.52498495932
1 8 0.335569851426
1 9 0.423263188878
1 10 0.251702108498
1 11 0.507866564199
1 12 0.387772660261
1 13 0.256921287865
1 14 0.332760046675
1 15 0.684719666675
1 16 0.415809750612
1 17 0.62937213093
1 18 0.502523878712
1 19 0.536387949363
1 20 0.40187842287
1 21 0.610387424892
1 22 0.393714611982
2 0 0.571829321278
2 1 0.382497460795
2 2 0.0
2 3 0.524436686231
2 4 0.352033529855
2 5 0.375411753898
2 6 0.423254183867
2 7 0.494184193463
2 8 0.341943623849
2 9 0.353326566167
2 10 0.280023334504
2 11 0.543653570497
2 12 0.516393938702
2 13 0.434291667844
2 14 0.293387424788
2 15 0.757540749347
2 16 0.563151760592
2 17 0.680405981049
2 18 0.43058700722
2 19 0.569064125852
2 20 0.425327802438
2 21 0.342918834377
2 22 0.387659264467
3 0 0.651408905786
3 1 0.479716252721
3 2 0.524436686231
3 3 0.0
3 4 0.567421792333
3 5 0.315432557422
3 6 0.531790048534
3 7 0.304413000958
3 8 0.722505577416
3 9 0.498581561586
3 10 0.476478853887
3 11 0.862810179801
3 12 0.345016076116
3 13 0.513154889032
3 14 0.608419677056
3 15 0.794218543125
3 16 0.609493098816
3 17 0.549866895287
3 18 0.376416497394
3 19 0.432504667307
3 20 0.68474157746
3 21 0.488758476985
3 22 0.391641529432
4 0 0.493997752804
4 1 0.146748147502
4 2 0.352033529855
4 3 0.567421792333
4 4 0.0
4 5 0.291144815025
4 6 0.447948542825
4 7 0.523098725489
4 8 0.3828474886
4 9 0.389889671496
4 10 0.311144343765
4 11 0.440950730436
4 12 0.352146217161
4 13 0.262108021615
4 14 0.225956198976
4 15 0.695768002799
4 16 0.318084771155
4 17 0.615685309532
4 18 0.402563455959
4 19 0.560943144505
4 20 0.415743181941
4 21 0.44675104341
4 22 0.435867998951
5 0 0.518461837266
5 1 0.353175816535
5 2 0.375411753898
5 3 0.315432557422
5 4 0.291144815025
5 5 0.0
5 6 0.425528855879
5 7 0.436351395123
5 8 0.475251217304
5 9 0.263944253862
5 10 0.410073480496
5 11 0.617908683286
5 12 0.39703963296
5 13 0.335252249092
5 14 0.417094056117
5 15 0.660590345089
5 16 0.467092265293
5 17 0.535611976779
5 18 0.43492371927
5 19 0.501196436692
5 20 0.568512296744
5 21 0.45471173196
5 22 0.397781318223
6 0 0.475740997802
6 1 0.396505034695
6 2 0.423254183867
6 3 0.531790048534
6 4 0.447948542825
6 5 0.425528855879
6 6 0.0
6 7 0.671533067978
6 8 0.402750612408
6 9 0.313887583285
6 10 0.423372367836
6 11 0.473280615329
6 12 0.379686551482
6 13 0.438734113079
6 14 0.46069171421
6 15 0.638841622504
6 16 0.513121077355
6 17 0.591403075271
6 18 0.587783418318
6 19 0.51716544045
6 20 0.485518573718
6 21 0.459379447047
6 22 0.377992145177
7 0 0.455645910654
7 1 0.52498495932
7 2 0.494184193463
7 3 0.304413000958
7 4 0.523098725489
7 5 0.436351395123
7 6 0.671533067978
7 7 0.0
7 8 0.639271615378
7 9 0.480128178001
7 10 0.403654959554
7 11 0.872275427418
7 12 0.558236450855
7 13 0.521562117078
7 14 0.5759489801
7 15 0.661322210837
7 16 0.621601105905
7 17 0.541804338869
7 18 0.511029626446
7 19 0.584362296788
7 20 0.765634412952
7 21 0.321216091661
7 22 0.528167958343
8 0 0.561005694462
8 1 0.335569851426
8 2 0.341943623849
8 3 0.722505577416
8 4 0.3828474886
8 5 0.475251217304
8 6 0.402750612408
8 7 0.639271615378
8 8 0.0
8 9 0.233424356664
8 10 0.321399641078
8 11 0.509961366024
8 12 0.544316086097
8 13 0.395788689361
8 14 0.507060415439
8 15 0.794732481578
8 16 0.37895915898
8 17 0.837512995469
8 18 0.535102272218
8 19 0.577298325639
8 20 0.553718797656
8 21 0.504868777884
8 22 0.471979556878
9 0 0.34986372615
9 1 0.423263188878
9 2 0.353326566167
9 3 0.498581561586
9 4 0.389889671496
9 5 0.263944253862
9 6 0.313887583285
9 7 0.480128178001
9 8 0.233424356664
9 9 0.0
9 10 0.391614465783
9 11 0.563838221884
9 12 0.53009302104
9 13 0.338567953021
9 14 0.443369205625
9 15 0.594688837043
9 16 0.498642268073
9 17 0.587074349728
9 18 0.481255061208
9 19 0.525662411278
9 20 0.630997826192
9 21 0.453780992637
9 22 0.254916740957
10 0 0.516287070098
10 1 0.251702108498
10 2 0.280023334504
10 3 0.476478853887
10 4 0.311144343765
10 5 0.410073480496
10 6 0.423372367836
10 7 0.403654959554
10 8 0.321399641078
10 9 0.391614465783
10 10 0.0
10 11 0.450248924154
10 12 0.456053965931
10 13 0.218056629301
10 14 0.295102320458
10 15 0.800376349535
10 16 0.423023904642
10 17 0.702689901683
10 18 0.468601274144
10 19 0.511513461558
10 20 0.458088934731
10 21 0.322990700076
10 22 0.382414478113
11 0 0.529731077021
11 1 0.507866564199
11 2 0.543653570497
11 3 0.862810179801
11 4 0.440950730436
11 5 0.617908683286
11 6 0.473280615329
11 7 0.872275427418
11 8 0.509961366024
11 9 0.563838221884
11 10 0.450248924154
11 11 0.0
11 12 0.502423766107
11 13 0.415848152734
11 14 0.407334161378
11 15 0.735566926359
11 16 0.543053696947
11 17 0.741798392091
11 18 0.684501055072
11 19 0.72748447427
11 20 0.12951048658
11 21 0.706472473929
11 22 0.53800653701
12 0 0.538902272112
12 1 0.387772660261
12 2 0.516393938702
12 3 0.345016076116
12 4 0.352146217161
12 5 0.39703963296
12 6 0.379686551482
12 7 0.558236450855
12 8 0.544316086097
12 9 0.53009302104
12 10 0.456053965931
12 11 0.502423766107
12 12 0.0
12 13 0.376254937735
12 14 0.376853584376
12 15 0.740486999038
12 16 0.381801000544
12 17 0.597591696083
12 18 0.44285156693
12 19 0.474538937201
12 20 0.399131402488
12 21 0.458402146382
12 22 0.422044856994
13 0 0.514665733316
13 1 0.256921287865
13 2 0.434291667844
13 3 0.513154889032
13 4 0.262108021615
13 5 0.335252249092
13 6 0.438734113079
13 7 0.521562117078
13 8 0.395788689361
13 9 0.338567953021
13 10 0.218056629301
13 11 0.415848152734
13 12 0.376254937735
13 13 0.0
13 14 0.389660571278
13 15 0.685243675499
13 16 0.357864620469
13 17 0.557399615332
13 18 0.432158528665
13 19 0.482904828019
13 20 0.450887865867
13 21 0.547273240429
13 22 0.407603321568
14 0 0.497369244751
14 1 0.332760046675
14 2 0.293387424788
14 3 0.608419677056
14 4 0.225956198976
14 5 0.417094056117
14 6 0.46069171421
14 7 0.5759489801
14 8 0.507060415439
14 9 0.443369205625
14 10 0.295102320458
14 11 0.407334161378
14 12 0.376853584376
14 13 0.389660571278
14 14 0.0
14 15 0.727434438675
14 16 0.50315906206
14 17 0.684014921422
14 18 0.561608510444
14 19 0.682082021419
14 20 0.35862630751
14 21 0.39067534763
14 22 0.434971541154
15 0 0.582487895563
15 1 0.684719666675
15 2 0.757540749347
15 3 0.794218543125
15 4 0.695768002799
15 5 0.660590345089
15 6 0.638841622504
15 7 0.661322210837
15 8 0.794732481578
15 9 0.594688837043
15 10 0.800376349535
15 11 0.735566926359
15 12 0.740486999038
15 13 0.685243675499
15 14 0.727434438675
15 15 0.0
15 16 0.542372289951
15 17 0.131480688851
15 18 0.654975695561
15 19 0.782112241112
15 20 0.820196727518
15 21 0.804110487439
15 22 0.656174232212
16 0 0.677613977203
16 1 0.415809750612
16 2 0.563151760592
16 3 0.609493098816
16 4 0.318084771155
16 5 0.467092265293
16 6 0.513121077355
16 7 0.621601105905
16 8 0.37895915898
16 9 0.498642268073
16 10 0.423023904642
16 11 0.543053696947
16 12 0.381801000544
16 13 0.357864620469
16 14 0.50315906206
16 15 0.542372289951
16 16 0.0
16 17 0.476680423806
16 18 0.211025093422
16 19 0.476178313815
16 20 0.62938039888
16 21 0.439389045722
16 22 0.599094801579
17 0 0.525972759497
17 1 0.62937213093
17 2 0.680405981049
17 3 0.549866895287
17 4 0.615685309532
17 5 0.535611976779
17 6 0.591403075271
17 7 0.541804338869
17 8 0.837512995469
17 9 0.587074349728
17 10 0.702689901683
17 11 0.741798392091
17 12 0.597591696083
17 13 0.557399615332
17 14 0.684014921422
17 15 0.131480688851
17 16 0.476680423806
17 17 0.0
17 18 0.460378205266
17 19 0.507020253726
17 20 0.809056503492
17 21 0.689596486574
17 22 0.500192782702
18 0 0.715947095713
18 1 0.502523878712
18 2 0.43058700722
18 3 0.376416497394
18 4 0.402563455959
18 5 0.43492371927
18 6 0.587783418318
18 7 0.511029626446
18 8 0.535102272218
18 9 0.481255061208
18 10 0.468601274144
18 11 0.684501055072
18 12 0.44285156693
18 13 0.432158528665
18 14 0.561608510444
18 15 0.654975695561
18 16 0.211025093422
18 17 0.460378205266
18 18 0.0
18 19 0.385602838647
18 20 0.684857446757
18 21 0.45984430346
18 22 0.422044465602
19 0 0.424860331175
19 1 0.536387949363
19 2 0.569064125852
19 3 0.432504667307
19 4 0.560943144505
19 5 0.501196436692
19 6 0.51716544045
19 7 0.584362296788
19 8 0.577298325639
19 9 0.525662411278
19 10 0.511513461558
19 11 0.72748447427
19 12 0.474538937201
19 13 0.482904828019
19 14 0.682082021419
19 15 0.782112241112
19 16 0.476178313815
19 17 0.507020253726
19 18 0.385602838647
19 19 0.0
19 20 0.758048716316
19 21 0.521638588368
19 22 0.40768785703
20 0 0.640326037745
20 1 0.40187842287
20 2 0.425327802438
20 3 0.68474157746
20 4 0.415743181941
20 5 0.568512296744
20 6 0.485518573718
20 7 0.765634412952
20 8 0.553718797656
20 9 0.630997826192
20 10 0.458088934731
20 11 0.12951048658
20 12 0.399131402488
20 13 0.450887865867
20 14 0.35862630751
20 15 0.820196727518
20 16 0.62938039888
20 17 0.809056503492
20 18 0.684857446757
20 19 0.758048716316
20 20 0.0
20 21 0.697300934753
20 22 0.571134616018
21 0 0.479144157329
21 1 0.610387424892
21 2 0.342918834377
21 3 0.488758476985
21 4 0.44675104341
21 5 0.45471173196
21 6 0.459379447047
21 7 0.321216091661
21 8 0.504868777884
21 9 0.453780992637
21 10 0.322990700076
21 11 0.706472473929
21 12 0.458402146382
21 13 0.547273240429
21 14 0.39067534763
21 15 0.804110487439
21 16 0.439389045722
21 17 0.689596486574
21 18 0.45984430346
21 19 0.521638588368
21 20 0.697300934753
21 21 0.0
21 22 0.562573984686
22 0 0.39969541644
22 1 0.393714611982
22 2 0.387659264467
22 3 0.391641529432
22 4 0.435867998951
22 5 0.397781318223
22 6 0.377992145177
22 7 0.528167958343
22 8 0.471979556878
22 9 0.254916740957
22 10 0.382414478113
22 11 0.53800653701
22 12 0.422044856994
22 13 0.407603321568
22 14 0.434971541154
22 15 0.656174232212
22 16 0.599094801579
22 17 0.500192782702
22 18 0.422044465602
22 19 0.40768785703
22 20 0.571134616018
22 21 0.562573984686
22 22 0.0
